762667863576150088,0,0,0
763086750917853185,0,0,0
763086912453083176,0,0,0
769190476585631764,0,0,0
769298919330676746,0,0,0
771803549486022666,0,0,0
771804066531377203,0,0,0
771850922703192074,0,0,0
772577773478477875,0,0,0
773278862384562176,0,0,0
773313021870997525,0,0,0
773331636036435998,0,0,0
773547734531047475,0,0,0
774070602398695425,0,0,0
774391413185314877,0,0,0
774412412630597644,0,0,0
774428410373079051,0,0,0
774664995786326036,0,0,0
774727358111416360,0,0,0
774799645716774933,0,0,0
775001227951341571,0,0,0
775762763246338059,0,0,0
775763812854530099,0,0,0
776154765196525620,0,0,0
776164957565878332,0,0,0
778338994643533844,0,0,0
778339261488824382,0,0,0
778351839765594132,0,0,0
778364899242803260,0,0,0
778728008181219328,0,0,0
778740753277911051,0,0,0
778748082149654528,0,0,0
779499964630827028,0,0,0
780808178362744862,0,0,0
780808199631536188,0,0,0
780818834381864970,0,0,0
781239173851643914,0,0,0
781293229865173002,0,0,0
781555014069256222,0,0,0
781996869529370644,0,0,0
782302332888809492,0,0,0
782308902535561227,0,0,0
784905054678810704,0,0,0
785521992215560202,0,0,0
785522289059168286,0,0,0
786192297812819989,0,0,0
786717571512401930,0,0,0
786717878107111446,0,0,0
786718032537714699,0,0,0
786923918807793664,0,0,0
787059342330298388,0,0,0
787080234611900467,0,0,0
787080354120728638,0,0,0
787334731636801566,0,0,0
787420223623397376,0,0,0
787709040847093760,0,0,0
787723978038706176,0,0,0
787747820471975976,0,0,0
788088542504288296,0,0,0
788152599501078548,0,0,0
788311864014667836,0,0,0
788318976311558175,0,0,0
788364748852559932,0,0,0
788371938438414387,0,0,0
788472922246742067,0,0,0
788496975624273920,0,0,0
788497511160479765,0,0,0
788753596404858910,0,0,0
788834431762563123,0,0,0
788836197664686112,0,0,0
788902847784681493,0,0,0
789087909277597706,0,0,0
789143691696275466,0,0,0
789456182199844904,0,0,0
789530615115415582,0,0,0
789930821913149461,0,0,0
790197292493701143,0,0,0
790197357031063552,0,0,0
791290695477624893,0,0,0
791413336586977320,0,0,0
792124033047068702,0,0,0
792174488833228850,0,0,0
792896468024819752,0,0,0
793515177420914718,0,0,0
794233616082403378,0,0,0
794247236334256169,0,0,0
794653302109241364,0,0,0
794656560801513522,0,0,0
794675596848398349,0,0,0
795086833398054972,0,0,0
795104584548089859,0,0,0
795364270673625089,0,0,0
795364433189929002,0,0,0
795742208716308530,0,0,0
795795461101191168,0,0,0
796094154794729523,0,0,0
796511467281055815,0,0,0
796914034473304094,0,0,0
797626508214534154,0,0,0
797626697783836704,0,0,0
797631404854607883,0,0,0
797634096570040372,0,0,0
798141051402453022,0,0,0
798144732005793813,0,0,0
798181879806296135,0,0,0
799031430402932776,0,0,0
799031502196178954,0,0,0
799205671525810206,0,0,0
799280125690511400,0,0,0
799300260480155669,0,0,0
799324874451189820,0,0,0
800654365923737608,0,0,0
801417134709276692,0,0,0
803197419436507146,0,0,0
803221330190139442,0,0,0
803364924935110746,0,0,0
803592071340228638,0,0,0
803633630257479710,0,0,0
803723956883423282,0,0,0
803724227856564245,0,0,0
803949257480208475,0,0,0
804260761958219797,0,0,0
804309056164331532,0,0,0
804652094324998155,0,0,0
804664719164047361,0,0,0
805057209070387221,0,0,0
805214342588006411,0,0,0
805739259276951553,0,0,0
805848781332545586,0,0,0
806087492590632972,0,0,0
806444930532507688,0,0,0
806484918166355989,0,0,0
806499683794157588,0,0,0
806542639569829888,0,0,0
806633469135552522,0,0,0
806785122312781834,0,0,0
806815513698107413,0,0,0
806845685059026944,0,0,0
806934932962017290,0,0,0
806957395745439864,0,0,0
807627748146806864,0,0,0
807724007050051636,0,0,0
808048935015809074,0,0,0
808115190901899336,0,0,0
808286449299619871,0,0,0
808293201126883349,0,0,0
808347065859964938,0,0,0
808632194541158450,0,0,0
808647697925537802,0,0,0
808778160153821214,0,0,0
809001361894539314,0,0,0
809121141809479690,0,0,0
809122646591275038,0,0,0
809132955963228270,0,0,0
809544081045848064,0,0,0
809736059364835348,0,0,0
809792784608264234,0,0,0
809794387495092264,0,0,0
810641039702097970,0,0,0
811193677685719061,0,0,0
812407625517367306,0,0,0
812765154580234311,0,0,0
813364085889695764,0,0,0
813435369004990524,0,0,0
813454851517710336,0,0,0
813772839806959636,0,0,0
813889531278786580,0,0,0
814062574701772880,0,0,0
814082118078562355,0,0,0
814203033226838038,0,0,0
814582572880363560,0,0,0
814864838479052841,0,0,0
815866282129752125,0,0,0
815893806636728351,0,0,0
816241236372750387,0,0,0
816260239744696352,0,0,0
816369552496787507,0,0,0
816385620440121344,0,0,0
816575624768126986,0,0,0
816736394348855367,0,0,0
816980935169671195,0,0,0
817061139924910100,0,0,0
817882786999697439,0,0,0
818524217456328724,0,0,0
818524575306350633,0,0,0
818832118033154088,0,0,0
818864025785860127,0,0,0
819128323795845120,0,0,0
819935881460449311,0,0,0
819937505767587870,0,0,0
820379825691820042,0,0,0
820465378949726309,0,0,0
820477252777017354,0,0,0
820761914765213737,0,0,0
820763643519303690,0,0,0
820765832787132416,0,0,0
820767643720089710,0,0,0
820767847848476702,0,0,0
820769814413967380,0,0,0
820769972530970655,0,0,0
821037761066434571,0,0,0
821315344408248321,0,0,0
821350608233693274,0,0,0
822046029108084757,0,0,0
822072318732927006,0,0,0
822078842222673960,0,0,0
822132457914368091,0,0,0
822179185308467240,0,0,0
822968891806056529,0,0,0
822983738244857916,0,0,0
823542733809123388,0,0,0
823604954647363625,0,0,0
823607183190917191,0,0,0
823655614583668777,0,0,0
823669915323334656,0,0,0
823818768428957746,0,0,0
823818771511640105,0,0,0
824343938878013511,0,0,0
824347219699171328,0,0,0
824348200420114542,0,0,0
824368472616206407,0,0,0
824397644729417758,0,0,0
824576625047240725,0,0,0
824734075482931210,0,0,0
824750466360672286,0,0,0
824754108283224115,0,0,0
824758444987908146,0,0,0
824765022994694175,0,0,0
824768725340651601,0,0,0
824778021889114142,0,0,0
824779094336077854,0,0,0
824974904130142248,0,0,0
825039917038043187,0,0,0
825086995323289630,0,0,0
825501645239615548,0,0,0
825701373919232000,0,0,0
825715373671317584,0,0,0
825879570812239892,0,0,0
826218490204782643,0,0,0
826448957168156732,0,0,0
826462914012774461,0,0,0
826464238972829717,0,0,0
826477759936724992,0,0,0
826479016395145247,0,0,0
826523710009376840,0,0,0
827712744177270795,0,0,0
827857635474145311,0,0,0
828680229412667423,0,0,0
828761997918863381,0,0,0
828768420933402674,0,0,0
828790614039593031,0,0,0
828793427121406004,0,0,0
829138900789624863,0,0,0
829171572505968641,0,0,0
829787632103456848,0,0,0
829861658771324968,0,0,0
830164269751861288,0,0,0
830245386324541440,0,0,0
830862288185327657,0,0,0
831534305766408222,0,0,0
831579778981036053,0,0,0
831625010438733834,0,0,0
831633102279409685,0,0,0
833608408233803797,0,0,0
833721613995868160,0,0,0
833729958995427328,0,0,0
833730749961601025,0,0,0
833732287766069348,0,0,0
833734892088197172,0,0,0
833738408269578273,0,0,0
833770504673427466,0,0,0
834488274579882044,0,0,0
835279861873377321,0,0,0
835280073288187905,0,0,0
835282412484558859,0,0,0
835282589035528192,0,0,0
835560818761924648,0,0,0
835629083399290972,0,0,0
835977107896664085,0,0,0
835979727453814785,0,0,0
835992825379160124,0,0,0
836353822850678794,0,0,0
836620386930130984,0,0,0
837234985336307713,0,0,0
837751454949048370,0,0,0
838085437214031882,0,0,0
838705289813032990,0,0,0
838723508254408715,0,0,0
838726789379522622,0,0,0
838886212898390046,0,0,0
839474877266133033,0,0,0
839533538973188137,0,0,0
839918570830037012,0,0,0
839924177107943454,0,0,0
839925265735876648,0,0,0
841024644919328768,0,0,0
841061196019138610,0,0,0
841674061573783563,0,0,0
841750203458650112,0,0,0
841949737895723020,0,0,0
841962753891893248,0,0,0
842860960631881753,0,0,0
843166818357084252,0,0,0
843917234862293012,0,0,0
843948028573384714,0,0,0
844117052678471720,0,0,0
844264811595825173,0,0,0
844319423879839754,0,0,0
845408863079235584,0,0,0
846069822923604008,0,0,0
846428837096849464,0,0,0
846487226304561192,0,0,0
846487309460439090,0,0,0
846488607208636426,0,0,0
846514568771010591,0,0,0
847172755526254595,0,0,0
847241170546458624,0,0,0
847826200608636928,0,0,0
847949969356488724,0,0,0
848722628989419550,0,0,0
848928262763053116,0,0,0
848977482216112158,0,0,0
848978800535404634,0,0,0
849363850817699872,0,0,0
849364165101092894,0,0,0
849383459906388039,0,0,0
849445200531030047,0,0,0
850828206651080704,0,0,0
850859454593368134,0,0,0
851380192302596136,0,0,0
851392587779538955,0,0,0
851491551816843281,0,0,0
851551245335789578,0,0,0
851551594628775968,0,0,0
851552053024915517,0,0,0
851887385658916924,0,0,0
853029389557825567,0,0,0
853330142491312139,0,0,0
853895439912271873,0,0,0
853895446799974411,0,0,0
854113076148043797,0,0,0
854691461480185886,0,0,0
854737844458750002,0,0,0
854781623475503135,0,0,0
855018839631986700,0,0,0
855021918213111818,0,0,0
855023572450934814,0,0,0
856455243004248064,0,0,0
856456536377655327,0,0,0
856462101269839902,0,0,0
856496571914125313,0,0,0
857189758139760641,0,0,0
857939120479404072,0,0,0
858784552889745478,0,0,0
858995455332319273,0,0,0
858996055903436820,0,0,0
858996861654138900,0,0,0
859844182024519761,0,0,0
860110620296871936,0,0,0
860158233105006623,0,0,0
860873098747969569,0,0,0
860977779385303050,0,0,0
861002855736541234,0,0,0
861270991199141918,0,0,0
861527946099556373,0,0,0
861532189626990622,0,0,0
861653484112576513,0,0,0
861708719439216700,0,0,0
862403289466404864,0,0,0
862759870633607178,0,0,0
862760596932263937,0,0,0
864521689135841321,0,0,0
864956609280213022,0,0,0
864958084228972584,0,0,0
866063052582289408,0,0,0
867501648674947112,0,0,0
867846930855624724,0,0,0
868114168891473981,0,0,0
868481936383946812,0,0,0
870741015865208863,0,0,0
871519712046121030,0,0,0
871520949181239366,0,0,0
871522972186337310,0,0,0
871524596581548063,0,0,0
871524629624291349,0,0,0
871538806845734922,0,0,0
871540946922246174,0,0,0
871541375626252369,0,0,0
871541702769393704,0,0,0
871840339412017182,0,0,0
871857826862100520,0,0,0
872152977614454865,0,0,0
872947785803132958,0,0,0
874010536046657619,0,0,0
874061549793337384,0,0,0
874427518600495154,0,0,0
874745258544595057,0,0,0
876595322586009610,0,0,0
877303420292333569,0,0,0
