762667863576150088,5,9,1446
763086750917853185,3,9,851
763086912453083176,2,9,961
769190476585631764,1,8,212
769298919330676746,0,8,198
771803549486022666,1,9,-65
771804066531377203,3,9,1228
771850922703192074,3,9,1443
772577773478477875,8,9,2961
773278862384562176,3,9,498
773313021870997525,8,9,2688
773331636036435998,1,9,111
773547734531047475,2,9,781
774070602398695425,2,9,687
774391413185314877,3,8,1613
774412412630597644,4,9,1217
774428410373079051,2,9,98
774664995786326036,1,9,-105
774727358111416360,4,9,1261
774799645716774933,2,9,494
775001227951341571,2,9,302
775762763246338059,8,9,3028
775763812854530099,4,8,1549
776154765196525620,6,9,1940
776164957565878332,3,9,960
778338994643533844,4,9,1097
778339261488824382,3,9,1263
778351839765594132,8,9,2475
778364899242803260,6,9,2413
778728008181219328,3,9,1104
778740753277911051,3,9,554
778748082149654528,6,9,2512
779499964630827028,6,9,1626
780808178362744862,6,9,2610
780808199631536188,5,8,1872
780818834381864970,5,9,1127
781239173851643914,0,9,-148
781293229865173002,1,9,141
781555014069256222,3,9,1160
781996869529370644,1,9,391
782302332888809492,2,8,488
782308902535561227,4,9,1806
784905054678810704,3,9,574
785521992215560202,1,9,-105
785522289059168286,4,8,1806
786192297812819989,3,9,1053
786717571512401930,3,9,738
786717878107111446,2,8,847
786718032537714699,0,9,-547
786923918807793664,4,9,1489
787059342330298388,1,9,247
787080234611900467,5,9,1953
787080354120728638,1,9,-58
787334731636801566,2,9,374
787420223623397376,6,9,2262
787709040847093760,1,9,185
787723978038706176,9,9,3690
787747820471975976,1,9,287
788088542504288296,8,9,2485
788152599501078548,6,8,2122
788311864014667836,2,9,902
788318976311558175,1,9,42
788364748852559932,2,9,177
788371938438414387,0,9,-471
788472922246742067,6,9,1897
788496975624273920,0,9,-194
788497511160479765,5,9,1766
788753596404858910,7,9,2741
788834431762563123,8,9,2788
788836197664686112,0,9,-205
788902847784681493,7,9,2862
789087909277597706,4,9,2173
789143691696275466,2,6,-1119
789456182199844904,5,9,2572
789530615115415582,0,9,-508
789930821913149461,4,9,1582
790197292493701143,3,9,1154
790197357031063552,1,9,-23
791290695477624893,3,9,897
791413336586977320,0,9,-75
792124033047068702,3,8,1164
792174488833228850,3,9,1060
792896468024819752,6,9,2722
793515177420914718,7,9,1823
794233616082403378,5,9,2023
794247236334256169,5,9,1394
794653302109241364,2,9,242
794656560801513522,0,9,-461
794675596848398349,1,9,-249
795086833398054972,5,9,2169
795104584548089859,3,9,720
795364270673625089,5,9,1104
795364433189929002,6,9,2952
795742208716308530,3,9,1455
795795461101191168,1,9,-88
796094154794729523,8,9,3162
796511467281055815,2,9,950
796914034473304094,2,8,956
797626508214534154,4,9,987
797626697783836704,5,9,1849
797631404854607883,6,9,2376
797634096570040372,4,9,904
798141051402453022,7,9,1914
798144732005793813,8,9,2450
798181879806296135,2,9,522
799031430402932776,9,9,2746
799031502196178954,7,9,1458
799205671525810206,1,9,-58
799280125690511400,6,9,2113
799300260480155669,7,9,3138
799324874451189820,8,9,2797
800654365923737608,3,9,705
801417134709276692,1,6,-1322
803197419436507146,8,9,3157
803221330190139442,5,9,1288
803364924935110746,0,9,105
803592071340228638,2,9,686
803633630257479710,3,9,1127
803723956883423282,9,9,3381
803724227856564245,0,9,55
803949257480208475,5,9,1796
804260761958219797,3,9,879
804309056164331532,5,9,2373
804652094324998155,7,9,2748
804664719164047361,3,8,791
805057209070387221,8,9,2389
805214342588006411,5,9,1483
805739259276951553,4,9,225
805848781332545586,9,9,3357
806087492590632972,3,9,388
806444930532507688,5,9,2459
806484918166355989,3,9,1427
806499683794157588,7,9,2785
806542639569829888,6,9,2586
806633469135552522,2,9,119
806785122312781834,2,9,774
806815513698107413,4,9,1405
806845685059026944,3,9,615
806934932962017290,2,9,591
806957395745439864,5,9,2012
807627748146806864,1,9,6
807724007050051636,8,9,3108
808048935015809074,1,9,141
808115190901899336,5,9,1224
808286449299619871,4,9,1643
808293201126883349,0,8,128
808347065859964938,9,9,3550
808632194541158450,3,8,954
808647697925537802,2,9,314
808778160153821214,5,9,918
809001361894539314,0,9,91
809121141809479690,1,9,814
809122646591275038,7,8,2675
809132955963228270,4,9,1031
809544081045848064,7,9,2399
809736059364835348,5,9,1590
809792784608264234,6,8,2702
809794387495092264,5,9,1414
810641039702097970,5,9,744
811193677685719061,4,9,1010
812407625517367306,2,8,1210
812765154580234311,2,9,654
813364085889695764,5,9,1537
813435369004990524,4,9,1301
813454851517710336,3,8,1547
813772839806959636,3,9,1387
813889531278786580,9,9,3544
814062574701772880,7,9,2013
814082118078562355,3,9,873
814203033226838038,4,9,1350
814582572880363560,4,8,1336
814864838479052841,5,9,2367
815866282129752125,5,9,1846
815893806636728351,1,9,765
816241236372750387,5,9,1850
816260239744696352,1,9,-22
816369552496787507,4,9,1587
816385620440121344,8,9,2749
816575624768126986,4,9,1496
816736394348855367,6,9,2146
816980935169671195,8,9,2792
817061139924910100,2,8,1051
817882786999697439,4,9,1414
818524217456328724,1,9,-487
818524575306350633,0,9,-96
818832118033154088,5,9,1154
818864025785860127,7,9,2386
819128323795845120,8,9,2389
819935881460449311,6,9,2009
819937505767587870,1,9,272
820379825691820042,7,9,2361
820465378949726309,4,9,833
820477252777017354,5,9,1536
820761914765213737,7,9,2435
820763643519303690,8,8,2832
820765832787132416,7,9,1987
820767643720089710,4,9,1381
820767847848476702,1,9,597
820769814413967380,3,6,164
820769972530970655,7,8,2036
821037761066434571,7,9,2875
821315344408248321,5,9,1661
821350608233693274,5,9,2209
822046029108084757,3,9,786
822072318732927006,4,9,827
822078842222673960,9,9,2909
822132457914368091,3,9,815
822179185308467240,2,9,338
822968891806056529,6,9,2108
822983738244857916,7,9,2389
823542733809123388,0,9,-308
823604954647363625,7,9,2738
823607183190917191,8,9,2856
823655614583668777,6,9,1487
823669915323334656,8,8,2881
823818768428957746,4,9,2256
823818771511640105,6,9,2345
824343938878013511,8,9,2935
824347219699171328,1,9,448
824348200420114542,1,8,291
824368472616206407,4,9,1819
824397644729417758,4,9,1696
824576625047240725,4,9,541
824734075482931210,3,9,774
824750466360672286,4,9,1001
824754108283224115,9,9,2945
824758444987908146,4,9,1450
824765022994694175,3,9,1479
824768725340651601,9,9,3277
824778021889114142,8,9,2986
824779094336077854,9,9,2985
824974904130142248,6,9,2459
825039917038043187,4,9,1413
825086995323289630,8,9,3383
825501645239615548,3,8,904
825701373919232000,7,8,2190
825715373671317584,5,9,2100
825879570812239892,3,9,532
826218490204782643,8,9,3418
826448957168156732,9,9,2803
826462914012774461,8,9,3388
826464238972829717,8,9,2412
826477759936724992,3,9,916
826479016395145247,3,9,488
826523710009376840,1,9,242
827712744177270795,3,9,934
827857635474145311,4,9,1445
828680229412667423,3,8,864
828761997918863381,7,9,2296
828768420933402674,8,9,2965
828790614039593031,1,9,324
828793427121406004,8,9,3254
829138900789624863,6,9,1737
829171572505968641,1,8,125
829787632103456848,4,8,2026
829861658771324968,2,9,374
830164269751861288,1,9,-620
830245386324541440,7,8,2788
830862288185327657,2,9,555
831534305766408222,7,9,2196
831579778981036053,4,9,875
831625010438733834,9,9,3201
831633102279409685,6,9,1804
833608408233803797,4,9,899
833721613995868160,4,9,1630
833729958995427328,7,9,2582
833730749961601025,9,9,3461
833732287766069348,6,9,2260
833734892088197172,8,9,2349
833738408269578273,7,9,2285
833770504673427466,6,9,2268
834488274579882044,6,9,1480
835279861873377321,0,8,251
835280073288187905,3,9,218
835282412484558859,4,9,1200
835282589035528192,6,9,2296
835560818761924648,6,9,1573
835629083399290972,3,9,392
835977107896664085,7,9,2263
835979727453814785,8,9,2952
835992825379160124,5,8,1722
836353822850678794,8,8,2685
836620386930130984,5,8,1691
837234985336307713,9,9,3457
837751454949048370,8,9,2412
838085437214031882,4,9,1101
838705289813032990,9,9,3231
838723508254408715,5,9,1650
838726789379522622,4,9,1573
838886212898390046,7,10,2936
839474877266133033,3,9,1361
839533538973188137,7,9,3188
839918570830037012,2,9,863
839924177107943454,3,8,932
839925265735876648,4,9,1187
841024644919328768,8,9,3424
841061196019138610,2,9,92
841674061573783563,7,9,2662
841750203458650112,5,9,1500
841949737895723020,2,9,368
841962753891893248,1,9,547
842860960631881753,7,9,2895
843166818357084252,7,9,2562
843917234862293012,7,9,2349
843948028573384714,3,9,993
844117052678471720,8,9,3151
844264811595825173,5,9,1550
844319423879839754,8,9,2716
845408863079235584,7,9,2417
846069822923604008,4,9,1696
846428837096849464,4,6,762
846487226304561192,3,6,0
846487309460439090,1,6,-1757
846488607208636426,2,6,-399
846514568771010591,1,6,-1195
847172755526254595,6,6,1559
847241170546458624,6,6,1954
847826200608636928,5,7,996
847949969356488724,4,6,272
848722628989419550,0,6,-2084
848928262763053116,3,7,-235
848977482216112158,4,6,1120
848978800535404634,2,6,-832
849363850817699872,3,6,164
849364165101092894,2,6,-959
849383459906388039,2,6,-563
849445200531030047,0,7,-1759
850828206651080704,4,6,1122
850859454593368134,4,6,1289
851380192302596136,2,7,-632
851392587779538955,3,6,-526
851491551816843281,2,6,-726
851551245335789578,7,7,2157
851551594628775968,4,6,566
851552053024915517,5,6,1522
851887385658916924,6,6,1761
853029389557825567,1,6,-1325
853330142491312139,0,6,-1562
853895439912271873,1,6,-964
853895446799974411,3,6,-360
854113076148043797,1,7,-2117
854691461480185886,2,6,-926
854737844458750002,3,7,-399
854781623475503135,3,6,32
855018839631986700,0,6,-2084
855021918213111818,3,6,-327
855023572450934814,2,7,-1162
856455243004248064,4,6,599
856456536377655327,6,6,1526
856462101269839902,4,6,-191
856496571914125313,1,6,-1126
857189758139760641,2,6,-759
857939120479404072,2,6,-959
858784552889745478,4,6,924
858995455332319273,5,6,1488
858996055903436820,5,6,1322
858996861654138900,4,7,629
859844182024519761,3,6,-490
860110620296871936,5,7,1351
860158233105006623,2,7,-1159
860873098747969569,4,7,-196
860977779385303050,5,6,1485
861002855736541234,2,6,-796
861270991199141918,5,6,1162
861527946099556373,5,6,1685
861532189626990622,5,7,796
861653484112576513,3,6,756
861708719439216700,5,6,1361
862403289466404864,1,8,-2148
862759870633607178,3,6,163
862760596932263937,0,6,-2120
864521689135841321,6,7,2123
864956609280213022,3,6,196
864958084228972584,4,6,1155
866063052582289408,1,6,-1195
867501648674947112,3,7,-527
867846930855624724,3,6,230
868114168891473981,3,6,-33
868481936383946812,4,7,37
870741015865208863,4,6,1189
871519712046121030,6,6,2087
871520949181239366,3,6,-199
871522972186337310,0,6,-1788
871524596581548063,6,6,2081
871524629624291349,2,6,-765
871538806845734922,0,1,-200
871540946922246174,0,0,0
871541375626252369,0,0,0
871541702769393704,1,1,200
871840339412017182,0,0,0
871857826862100520,0,0,0
872152977614454865,0,0,0
