762667863576150088,6,13,1011
763086750917853185,5,12,1646
763086912453083176,3,13,362
769190476585631764,3,12,12
769298919330676746,4,14,1192
771803549486022666,2,12,-863
771804066531377203,6,13,1464
771850922703192074,6,12,2241
772577773478477875,10,13,3197
773278862384562176,3,14,-1494
773313021870997525,11,13,3323
773331636036435998,1,13,-1482
773547734531047475,3,14,-20
774070602398695425,2,13,-674
774391413185314877,6,13,2575
774412412630597644,6,14,1616
774428410373079051,5,13,298
774664995786326036,3,13,-504
774727358111416360,8,13,1333
774799645716774933,3,13,-298
775001227951341571,2,13,-1291
775762763246338059,10,13,3754
775763812854530099,5,13,1316
776154765196525620,6,13,1934
776164957565878332,6,14,2112
778338994643533844,4,13,-499
778339261488824382,3,13,229
778351839765594132,10,14,2638
778364899242803260,8,14,2975
778728008181219328,5,13,1067
778740753277911051,6,13,557
778748082149654528,8,13,3307
779499964630827028,9,13,2784
780808178362744862,7,13,2970
780808199631536188,8,13,2507
780818834381864970,6,13,365
781239173851643914,0,13,-1708
781293229865173002,4,13,308
781555014069256222,6,13,1922
781996869529370644,1,13,-806
782302332888809492,4,13,357
782308902535561227,4,14,1797
784905054678810704,3,13,-263
785521992215560202,5,16,-897
785522289059168286,4,13,1498
786192297812819989,3,12,650
786717571512401930,5,13,539
786717878107111446,6,13,889
786718032537714699,0,13,-2140
786923918807793664,5,13,494
787059342330298388,1,13,-1150
787080234611900467,7,12,2712
787080354120728638,1,12,-1216
787334731636801566,6,13,940
787420223623397376,9,13,3060
787709040847093760,4,13,385
787723978038706176,12,12,4887
787747820471975976,1,14,-1708
788088542504288296,12,13,4045
788152599501078548,8,13,2521
788311864014667836,2,14,-93
788318976311558175,1,12,-1155
788364748852559932,4,13,-618
788371938438414387,1,13,-1632
788472922246742067,9,15,1867
788496975624273920,1,14,-1751
788497511160479765,8,14,1207
788753596404858910,9,12,3340
788834431762563123,10,13,3187
788836197664686112,1,13,-1363
788902847784681493,9,14,3657
789087909277597706,5,12,2536
789143691696275466,8,13,-883
789456182199844904,5,12,2173
789530615115415582,2,13,-871
789930821913149461,7,13,1458
790197292493701143,4,13,519
790197357031063552,1,14,-2012
791290695477624893,4,12,498
791413336586977320,1,13,-1236
792124033047068702,7,13,2757
792174488833228850,4,13,1223
792896468024819752,7,13,2558
793515177420914718,11,13,3413
794233616082403378,6,13,2023
794247236334256169,6,13,1593
794653302109241364,4,12,641
794656560801513522,3,13,-657
794675596848398349,2,13,-1050
795086833398054972,8,12,3366
795104584548089859,7,13,1715
795364270673625089,7,13,542
795364433189929002,8,16,3714
795742208716308530,7,13,3015
795795461101191168,1,13,-1485
796094154794729523,9,13,3361
796511467281055815,2,13,149
796914034473304094,5,14,727
797626508214534154,5,14,189
797626697783836704,5,13,1087
797631404854607883,9,12,3210
797634096570040372,6,13,305
798141051402453022,8,12,1878
798144732005793813,10,13,2489
798181879806296135,3,13,-672
799031430402932776,13,13,4342
799031502196178954,8,12,1258
799205671525810206,3,13,-817
799280125690511400,8,13,2839
799300260480155669,12,14,5097
799324874451189820,11,13,3994
800654365923737608,7,13,1903
801417134709276692,3,13,-3317
803197419436507146,12,13,4714
803221330190139442,7,14,689
803364924935110746,2,12,-291
803592071340228638,6,14,1122
803633630257479710,5,13,1157
803723956883423282,12,13,4542
803724227856564245,2,14,-1103
803949257480208475,8,12,2597
804260761958219797,5,14,679
804309056164331532,8,14,2605
804652094324998155,9,13,3471
804664719164047361,5,13,231
805057209070387221,8,13,2189
805214342588006411,9,14,2118
805739259276951553,4,13,-972
805848781332545586,13,13,4953
806087492590632972,5,13,587
806444930532507688,7,13,3221
806484918166355989,4,13,626
806499683794157588,10,13,3946
806542639569829888,8,12,3184
806633469135552522,4,14,-875
806785122312781834,4,13,542
806815513698107413,7,13,1873
806845685059026944,3,14,-1145
806934932962017290,5,13,1193
806957395745439864,6,12,2009
807627748146806864,2,13,-465
807724007050051636,10,13,3543
808048935015809074,3,13,-56
808115190901899336,6,13,459
808286449299619871,5,13,881
808293201126883349,0,14,-2064
808347065859964938,12,13,4747
808632194541158450,6,13,960
808647697925537802,3,15,-1243
808778160153821214,7,12,1314
809001361894539314,2,14,-435
809121141809479690,3,13,1010
809122646591275038,9,12,3473
809132955963228270,6,14,1225
809544081045848064,9,13,2599
809736059364835348,6,14,1119
809792784608264234,9,13,3827
809794387495092264,9,15,1453
810641039702097970,7,13,508
811193677685719061,8,13,1481
812407625517367306,2,14,-1145
812765154580234311,4,13,618
813364085889695764,7,13,2296
813435369004990524,7,13,1769
813454851517710336,4,13,854
813772839806959636,5,13,1622
813889531278786580,13,14,5140
814062574701772880,8,13,2373
814082118078562355,3,12,471
814203033226838038,7,17,1549
814582572880363560,9,13,1938
814864838479052841,10,14,3927
815866282129752125,8,13,2242
815893806636728351,2,13,435
816241236372750387,7,12,2252
816260239744696352,3,14,-784
816369552496787507,5,13,1786
816385620440121344,10,13,2550
816575624768126986,8,13,1934
816736394348855367,8,13,2872
816980935169671195,10,13,3590
817061139924910100,5,13,724
817882786999697439,4,13,452
818524217456328724,1,13,-1684
818524575306350633,2,13,-99
818832118033154088,6,12,1281
818864025785860127,9,15,2183
819128323795845120,10,13,2353
819935881460449311,8,13,2244
819937505767587870,2,14,-922
820379825691820042,9,14,2364
820465378949726309,7,13,1200
820477252777017354,5,13,738
820761914765213737,9,13,3233
820763643519303690,9,13,3195
820765832787132416,7,12,1424
820767643720089710,5,13,580
820767847848476702,4,13,996
820769814413967380,8,13,367
820769972530970655,10,13,2798
821037761066434571,11,13,4468
821315344408248321,8,13,1825
821350608233693274,7,14,2012
822046029108084757,6,13,590
822072318732927006,7,14,791
822078842222673960,10,14,3308
822132457914368091,4,13,56
822179185308467240,5,13,47
822968891806056529,7,12,1875
822983738244857916,10,13,3184
823542733809123388,0,15,-2306
823604954647363625,8,13,2937
823607183190917191,9,13,2293
823655614583668777,9,14,2246
823669915323334656,12,13,4474
823818768428957746,4,13,1458
823818771511640105,9,13,3539
824343938878013511,11,13,4129
824347219699171328,2,13,49
824348200420114542,3,15,-1070
824368472616206407,7,13,2290
824397644729417758,5,13,1696
824576625047240725,5,13,142
824734075482931210,4,13,-24
824750466360672286,5,13,406
824754108283224115,11,12,3743
824758444987908146,7,13,2176
824765022994694175,4,13,1315
824768725340651601,14,14,5272
824778021889114142,12,13,4582
824779094336077854,12,12,4182
824974904130142248,9,14,3254
825039917038043187,4,13,-183
825086995323289630,12,14,4973
825501645239615548,8,14,1735
825701373919232000,13,14,4584
825715373671317584,8,13,2928
825879570812239892,5,13,100
826218490204782643,12,15,5009
826448957168156732,13,13,4399
826462914012774461,12,13,4984
826464238972829717,11,14,3409
826477759936724992,7,13,1518
826479016395145247,7,13,1879
826523710009376840,4,13,801
827712744177270795,5,13,1330
827857635474145311,6,13,1049
828680229412667423,6,12,1663
828761997918863381,9,13,2692
828768420933402674,9,13,3164
828790614039593031,5,14,363
828793427121406004,11,13,4448
829138900789624863,8,13,1734
829171572505968641,3,13,-836
829787632103456848,8,13,3152
829861658771324968,3,12,-388
830164269751861288,3,15,-2177
830245386324541440,12,13,4783
830862288185327657,3,12,-171
831534305766408222,9,13,2360
831579778981036053,5,12,476
831625010438733834,12,12,4362
831633102279409685,7,12,1801
833608408233803797,6,13,1060
833721613995868160,8,13,3021
833729958995427328,11,13,3943
833730749961601025,12,13,4658
833732287766069348,8,13,2296
833734892088197172,12,13,3945
833738408269578273,11,14,3286
833770504673427466,8,12,3063
834488274579882044,9,13,2043
835279861873377321,2,14,-178
835280073288187905,6,14,1107
835282412484558859,8,14,1871
835282589035528192,8,14,2894
835560818761924648,7,14,1373
835629083399290972,6,14,-4
835977107896664085,9,13,3061
835979727453814785,10,14,3551
835992825379160124,8,13,2088
836353822850678794,14,14,5076
836620386930130984,9,13,2689
837234985336307713,13,14,4852
837751454949048370,10,12,3207
838085437214031882,6,14,306
838705289813032990,11,12,3794
838723508254408715,7,13,2010
838726789379522622,6,12,2335
838886212898390046,9,13,3535
839474877266133033,4,13,929
839533538973188137,9,13,3980
839918570830037012,6,13,1659
839924177107943454,5,12,935
839925265735876648,4,13,25
841024644919328768,12,13,4984
841061196019138610,4,14,-376
841674061573783563,10,13,3859
841750203458650112,9,13,3054
841949737895723020,2,13,-1228
841962753891893248,2,12,511
842860960631881753,10,14,4056
843166818357084252,10,13,3194
843917234862293012,11,13,3674
843948028573384714,3,13,-528
844117052678471720,11,14,3746
844264811595825173,6,14,719
844319423879839754,10,13,3115
845408863079235584,10,13,2688
846069822923604008,9,14,1699
846428837096849464,10,13,1996
846487226304561192,9,14,1000
846487309460439090,5,13,-2951
846488607208636426,5,12,-1200
846514568771010591,3,13,-2991
847172755526254595,13,13,3752
847241170546458624,11,13,3314
847826200608636928,8,13,1362
847949969356488724,11,13,1309
848722628989419550,3,12,-3281
848928262763053116,7,14,-396
848977482216112158,6,12,1156
848978800535404634,4,13,-2030
849363850817699872,10,13,2752
849364165101092894,7,12,-394
849383459906388039,3,14,-3356
849445200531030047,3,14,-2957
850828206651080704,10,14,3444
850859454593368134,5,14,-112
851380192302596136,3,13,-2591
851392587779538955,6,13,-1684
851491551816843281,3,12,-2519
851551245335789578,11,13,2955
851551594628775968,7,13,766
851552053024915517,9,13,2679
851887385658916924,11,13,3357
853029389557825567,5,14,-1955
853330142491312139,4,14,-2795
853895439912271873,4,13,-2524
853895446799974411,9,12,275
854113076148043797,3,13,-3713
854691461480185886,5,13,-2286
854737844458750002,7,13,-33
854781623475503135,8,14,-566
855018839631986700,4,12,-2846
855021918213111818,8,13,-925
855023572450934814,5,13,-1597
856455243004248064,7,14,-2
856456536377655327,12,16,3122
856462101269839902,7,13,-1421
856496571914125313,2,13,-3518
857189758139760641,5,13,-2355
857939120479404072,5,14,-2751
858784552889745478,9,14,2520
858995455332319273,11,14,3810
858996055903436820,7,13,1920
858996861654138900,7,14,358
859844182024519761,3,13,-2649
860110620296871936,6,13,-46
860158233105006623,8,13,-959
860873098747969569,4,13,-2191
860977779385303050,6,13,759
861002855736541234,3,12,-2791
861270991199141918,9,13,1202
861527946099556373,9,13,1787
861532189626990622,6,12,-166
861653484112576513,6,13,1748
861708719439216700,5,12,-33
862403289466404864,4,13,-2946
862759870633607178,7,14,-593
862760596932263937,0,13,-4914
864521689135841321,9,13,2918
864956609280213022,7,13,-400
864958084228972584,9,14,1558
866063052582289408,5,13,-2193
867501648674947112,5,13,-1882
867846930855624724,5,13,220
868114168891473981,5,14,-1629
868481936383946812,9,13,237
870741015865208863,7,14,1150
871519712046121030,11,13,3879
871520949181239366,8,13,204
871522972186337310,1,13,-4146
871524596581548063,13,13,4639
871524629624291349,4,13,-2361
871538806845734922,4,13,-2752
871540946922246174,4,12,-1398
871541375626252369,9,12,1993
871541702769393704,11,15,2555
871840339412017182,10,13,2393
871857826862100520,7,13,-424
872152977614454865,0,14,-4950
872947785803132958,9,13,1125
874010536046657619,13,13,1604
874061549793337384,8,14,-1433
874427518600495154,3,12,-2555
874745258544595057,5,14,-1962
